27732
24434
9820
20287
98
15236
26793
9997
13848
5955
16908
11073
30113
31866
3637
7582
15171
29093
1982
9251
21396
5462
1539
24461
10218
2263
19764
19229
12051
28177
9385
18843
22086
31916
10101
923
30298
29304
829
31487
10550
25356
6475
30653
5001
10925
13790
12771
30395
2161
20932
23768
7971
9123
4651
30692
634
106
31413
2034
8847
10150
1482
7829
2109
1563
5938
21066
27290
18129
31971
3069
22130
11450
29207
19918
27124
12182
22690
22292
30890
24596
7299
18850
11183
22330
30137
13386
29212
13574
31832
9888
21955
29270
17115
12800
2080
2565
27324
31699
