1024
880
13608
13051
25469
27443
718
120
2043
17955
19209
1516
8562
12162
21469
27097
4782
15357
26646
29035
23422
15933
22924
2476
19731
14777
30886
28919
23978
30670
9501
5295
24427
29457
23554
30512
7824
3300
26371
12806
10953
16711
4330
26718
20447
19697
870
15801
408
31136
12814
9448
16092
1197
30371
6964
12309
21475
17045
9181
1244
27793
2505
6086
21713
24798
19098
7534
1994
10077
22302
23842
2353
4321
17322
17777
19111
20627
7832
29665
23021
19009
21831
5600
3589
6905
27236
22013
3988
4055
24936
10584
16523
32539
866
4439
18182
14206
24823
9627
16245
31175
13735
31283
23033
12441
4178
13839
26385
23183
25850
28087
6005
23179
27594
5693
29506
8778
29015
9327
19544
27452
31783
11346
12288
29075
27504
5324
7123
26010
29473
13217
31191
1865
6438
26017
10218
8214
6120
30495
3684
20237
18964
28836
2552
23331
926
7141
11483
32712
31749
21747
6952
26555
11736
31666
1668
18978
20345
6540
3326
24026
18721
3942
32568
5900
19492
24531
20940
25345
28535
27016
15849
22071
30063
9745
21821
180
7883
16578
3352
23706
12021
6639
1230
2812
1413
2656
2909
21232
28935
31487
10319
5861
7934
9428
11234
13367
19753
3379
2663
257
8196
4660
1768
23603
17042
7012
28941
996
13146
17082
31296
9705
25263
2509
26128
24230
1589
28483
6611
6692
17825
30861
20368
2916
9408
978
28700
11763
20155
30248
22658
1471
9881
6666
3752
4393
16645
16903
10544
8539
11090
951
28317
3292
9148
7923
28599
28769
9969
25925
8496
29159
30416
13726
14471
14846
32368
24647
20525
5992
14180
1818
5863
226
29757
19954
3699
26946
13393
28512
7534
6594
25787
2464
30837
1692
12963
14283
9867
20951
21184
19277
9402
28768
25114
14746
27901
9564
17429
4637
25694
18365
8619
4209
29788
1555
28153
7892
21391
7333
5117
23769
16783
12737
12702
32349
14865
19536
1004
5819
25427
6317
26794
9284
15291
28600
6410
28649
19131
21542
439
5435
22775
23067
23576
18070
29610
11514
27860
8600
16197
10108
2961
10200
23898
12799
22530
12245
27065
23329
16416
25133
21209
24206
15287
5904
4473
3606
24869
10227
902
20739
14174
2441
28224
11689
26932
16879
27545
4414
15830
3879
18141
18924
31382
20935
3224
26405
4591
4082
20917
29751
17350
9352
30179
16672
4848
28314
25917
11683
13301
5409
7465
10907
22803
13039
30848
26000
32646
32485
1776
21128
8711
17511
29599
2079
29843
16397
16145
8666
3437
13467
20556
7353
8038
19508
8506
25099
10588
6602
2638
29830
16129
20185
29034
29591
20189
31061
24577
26871
2455
24033
17529
5247
20080
16961
25299
10813
16656
15378
14477
14023
27781
22456
22471
7631
6025
11161
32166
26360
11779
11145
26614
19688
25553
20612
11795
17055
29893
26787
8457
25351
9709
9033
30458
32460
27672
11677
17856
15469
23445
29502
4308
32404
17726
22322
28270
1187
9398
31007
2030
31119
17390
23229
31099
25841
14318
31115
21738
12890
6866
12481
19425
17127
10002
30598
17724
15638
6151
20324
25007
3800
29611
30457
13229
21992
8609
13551
11913
8794
29557
20270
4316
18295
548
591
20006
11976
1247
3412
15288
24945
1292
9623
1233
15297
5006
26369
10759
32518
25414
5244
4072
13734
27865
15531
24802
7531
32692
5848
18016
3103
25678
11310
15670
601
29613
8488
2367
24726
18476
13129
3140
29323
27515
16142
1056
17594
9703
25121
29730
30788
21212
3535
15795
2302
24232
7612
11321
14790
20865
18133
30779
6936
3018
29319
1477
24540
6034
23086
25102
29826
13150
30417
17496
3153
31272
6412
5656
6396
19623
15693
18007
24695
24529
28740
27736
9480
5279
22420
32123
5025
32016
13007
6753
27757
12912
26785
14161
6569
24794
29771
9178
10421
11260
18259
13754
22891
20762
29562
6911
14255
10837
12527
5996
29511
30510
5314
12574
27118
3654
2971
4208
6051
23655
27820
5915
24903
21704
14564
29346
28007
13965
23142
11757
32599
19342
30777
1587
2176
1113
12865
1822
25594
5498
22894
12842
28766
31226
30771
13647
31701
32549
16186
29919
13941
15760
10838
27825
7886
9051
29113
11391
7359
29620
7015
29581
16015
24476
16618
12171
19512
7150
23879
25277
9478
6301
14130
13657
7009
15677
15230
13873
17127
20165
23511
3729
25791
25235
17843
11627
3625
688
1414
11697
27993
26454
27189
31747
28805
27055
15566
32650
23357
5088
8310
18980
17915
29254
11939
5057
15355
2559
9099
1293
27468
6317
11996
5455
6952
374
15533
32656
23681
2896
19124
4865
10460
21627
7610
25239
25442
8014
27469
6136
28724
23607
19381
28058
22016
5374
2089
5161
7634
7497
6466
1834
25900
11365
27055
5343
22104
17475
12587
7530
31485
2497
31660
19764
7409
29227
12509
22160
10574
27138
12239
28316
18888
22780
21227
4456
10301
10059
28716
20827
4238
10274
10635
13778
25774
3446
8634
27913
5880
18690
26900
21823
7878
32397
14037
8469
6975
27503
17030
6968
6256
26450
20924
19775
10911
25142
19970
3543
21467
952
30484
14877
26584
20371
1358
7755
25082
29543
20579
20887
25008
8633
20050
2392
16643
7739
32406
10091
31087
24398
5533
2005
19185
26822
31868
20905
22881
17389
30945
20269
13314
14538
4425
4408
31576
11427
371
25054
6457
18880
21268
19023
16167
21618
28364
12285
7901
20820
14681
19709
4392
24785
4363
1968
7928
29670
16247
28066
8375
15913
13168
21938
26585
2315
5939
28020
9909
19546
5858
13779
2707
12298
27444
13051
15366
23348
31850
21366
14716
13407
12677
21140
16403
30463
16310
6673
13998
16955
3606
26354
20297
1267
407
13744
21129
27394
17722
14744
18839
12224
25219
25458
31279
31179
15915
15201
26868
9224
19732
4618
22023
6116
5506
19704
26583
7392
20615
21055
30779
16716
16319
22368
14270
16466
2878
5997
6969
2359
15303
13422
18344
19422
9534
18434
28726
11918
21856
26442
23194
4340
23218
7682
32166
108
30647
9457
28189
16764
5734
22404
3526
4769
4059
11446
12478
3151
7245
14130
11538
16947
32576
28860
2189
2491
17404
21709
14543
2520
7741
3709
10655
30723
17196
15782
32131
9854
20110
5959
15501
18396
2108
25894
25975
3011
7635
10426
5363
30961
9388
25927
14140
10365
30735
21835
30705
18015
18339
3865
25635
31539
27177
23748
29357
9018
18538
19262
26307
30370
29806
13505
16590
1799
16623
19054
12663
13881
27917
24885
